13 8 8 41
0  1  1  1  0  0  0  0  0  0  0  0  0  0  0  0  0  0  0  0  0  0  0  0  0  0  0  0  0  0  0  0  0  0  0  0  0  0  1  1  0
0  0  0  1  0  0  1  0  0  0  0  0  0  0  0  0  0  0  0  0  0  0  0  0  0  0  0  0  0  0  0  0  0  0  0  0  0  0  0  0  0
0  0  0  1  0  0  1  0  0  0  0  0  0  0  0  0  0  0  0  0  0  0  0  0  0  0  0  0  0  0  0  0  0  0  0  0  0  0  0  0  0
0  0  0  0  1  0  0  0  0  0  0  0  0  0  0  0  0  0  0  0  0  0  0  0  0  0  0  0  0  0  0  0  0  0  0  0  0  0  0  0  0
0  0  0  0  0  1  0  0  0  0  0  0  0  0  0  0  0  0  0  0  0  0  0  0  0  0  0  0  0  0  0  0  0  0  0  0  0  0  0  0  0
0  0  0  0  0  0  0  1  1  0  0  0  0  0  0  0  0  0  0  0  0  0  0  0  0  0  0  0  0  0  0  0  0  0  0  0  0  0  0  0  0
0  0  0  0  0  0  0  0  0  1  1  0  0  0  0  0  0  0  0  0  0  0  0  0  0  0  0  0  0  0  0  0  0  0  0  0  0  0  0  0  0
0  0  0  0  0  0  0  0  0  0  0  1  0  0  0  0  0  0  0  0  0  0  0  0  0  0  0  0  0  0  0  0  0  0  0  0  0  0  0  0  0
0  0  0  0  0  0  0  0  0  0  0  0  1  0  0  0  0  0  0  0  0  0  0  0  0  0  0  0  0  0  0  0  0  0  0  0  0  0  0  0  0
0  0  0  0  0  0  0  0  0  0  0  0  0  0  0  0  0  1  0  0  0  0  0  0  1  1  0  0  0  0  0  0  0  0  0  0  0  0  0  0  0
0  0  0  0  0  0  0  0  0  0  0  0  0  0  0  0  0  0  1  0  0  0  0  0  1  1  0  0  0  0  0  0  0  0  0  0  0  0  0  0  0
0  0  0  0  0  0  0  0  0  0  0  0  0  1  0  0  0  0  0  0  0  0  0  0  0  0  0  0  0  0  0  0  0  0  0  0  0  0  0  0  0
0  0  0  0  0  0  0  0  0  0  0  0  0  0  1  0  0  0  0  0  0  0  0  0  0  0  0  0  0  0  0  0  0  0  0  0  0  0  0  0  0
0  0  0  0  0  0  0  0  0  0  0  0  0  0  0  1  0  0  0  0  0  0  0  0  0  0  0  0  0  0  0  0  0  0  0  0  0  0  0  0  0
0  0  0  0  0  0  0  0  0  0  0  0  0  0  0  0  1  0  0  0  0  0  0  0  0  0  0  0  0  0  0  0  0  0  0  0  0  0  0  0  0
0  0  0  0  0  0  0  0  0  0  0  0  0  0  0  0  0  1  0  0  0  0  0  0  0  0  0  0  0  0  0  0  0  0  0  0  0  0  0  0  0
0  0  0  0  0  0  0  0  0  0  0  0  0  0  0  0  0  0  1  0  0  0  0  0  0  0  0  0  0  0  0  0  0  0  0  0  0  0  0  0  0
0  0  0  0  0  0  0  0  0  0  0  0  0  0  0  0  0  0  0  1  0  0  0  0  0  0  0  0  0  0  0  0  0  0  0  0  0  0  0  0  0
0  0  0  0  0  0  0  0  0  0  0  0  0  0  0  0  0  0  0  0  1  0  0  0  0  0  0  0  0  0  0  0  0  0  0  0  0  0  0  0  0
0  0  0  0  0  0  0  0  0  0  0  0  0  0  0  0  0  0  0  0  0  0  0  0  0  0  1  0  0  0  0  0  0  0  0  0  1  1  0  0  0
0  0  0  0  0  0  0  0  0  0  0  0  0  0  0  0  0  0  0  0  0  0  0  0  0  0  1  0  0  0  0  0  0  0  0  0  1  1  0  0  0
0  0  0  0  0  0  0  0  0  0  0  0  0  0  0  0  0  0  0  0  0  0  1  0  0  0  0  0  0  0  0  0  0  0  0  0  0  0  0  0  0
0  0  0  0  0  0  0  0  0  0  0  0  0  0  0  0  0  0  0  0  0  0  0  1  0  0  0  0  0  0  0  0  0  0  0  0  0  0  0  0  0
1  0  0  0  0  0  0  0  0  0  0  0  0  0  0  0  0  0  0  0  0  0  0  0  0  0  0  0  0  0  0  0  0  0  0  0  0  0  0  0  0
0  0  0  0  0  0  0  0  0  0  0  0  0  0  0  0  0  0  0  0  0  0  0  0  0  0  0  0  0  0  0  0  0  0  0  0  0  0  0  0  0
0  0  0  0  0  0  0  0  0  0  0  0  0  0  0  0  0  0  0  0  0  0  0  0  0  0  0  0  0  0  0  0  0  0  0  0  0  0  0  0  0
0  0  0  0  0  0  0  0  0  0  0  0  0  0  0  0  0  0  0  0  0  0  0  0  0  0  0  1  0  0  0  0  0  0  0  0  0  0  0  0  0
0  0  0  0  0  0  0  0  0  0  0  0  0  0  0  0  0  0  0  0  0  0  0  0  0  0  0  0  1  0  0  0  0  0  0  0  0  0  0  0  0
0  0  0  0  0  0  0  0  0  0  0  0  0  0  0  0  0  0  0  0  0  0  0  0  0  0  0  0  0  1  0  0  0  0  0  0  0  0  0  0  0
0  0  0  0  0  0  0  0  0  0  0  0  0  0  0  0  0  0  0  0  0  0  0  0  0  0  0  0  0  0  1  0  0  0  0  0  0  0  0  0  0
0  0  0  0  0  0  0  0  0  0  0  0  0  0  0  0  0  0  0  0  0  0  0  0  0  0  0  0  0  0  0  1  0  0  0  0  0  0  0  0  0
0  0  0  0  0  0  0  0  0  0  0  0  0  0  0  0  0  0  0  0  0  0  0  0  0  0  0  0  0  0  0  0  1  0  0  0  0  0  0  0  0
0  0  0  0  0  0  0  0  0  0  0  0  0  0  0  0  0  0  0  0  0  0  0  0  0  0  0  0  0  0  0  0  0  1  0  0  0  0  0  0  0
0  0  0  0  0  0  0  0  0  0  0  0  0  0  0  0  0  0  0  0  0  0  0  0  0  0  0  0  0  0  0  0  0  0  1  0  0  0  0  1  1
0  0  0  0  0  0  0  0  0  0  0  0  0  0  0  0  0  0  0  0  0  0  0  0  0  0  0  0  0  0  0  0  0  0  0  0  0  0  0  0  0
0  0  0  0  0  0  0  0  0  0  0  0  0  0  0  0  0  0  0  0  0  0  0  0  0  0  0  0  0  0  0  0  0  0  0  0  0  0  0  0  0
0  0  0  0  0  0  0  0  0  0  0  0  0  0  0  0  0  0  0  0  0  0  0  0  0  0  0  0  0  0  0  0  0  0  0  0  0  0  0  0  0
0  0  0  0  0  0  0  0  0  0  0  0  0  0  0  0  0  0  0  0  0  0  0  0  0  0  0  0  0  0  0  0  0  0  0  0  0  0  0  1  0
0  0  0  0  0  0  0  0  0  0  0  0  0  0  0  0  0  0  0  0  0  0  0  0  0  0  0  0  0  0  0  0  0  0  0  0  0  0  0  0  1
0  0  0  0  0  0  0  0  0  0  0  0  0  0  0  0  0  0  0  0  0  0  0  0  0  0  0  0  0  0  0  0  0  0  0  0  0  0  0  0  0
0  0  0  0  0  0  0  0  0  0  0  0  0  0  0  0  0  0  0  0  0  0  0  0  0  0  0  0  0  0  0  0  0  0  0  0  0  0  0  0  0
3 1 4 6 0 0 0 0 0
3 3 4 5 0 0 0 0 0
3 1 3 6 0 0 0 0 0
6 2 3 4 6 7 8 0 0
3 5 7 8 0 0 0 0 0
4 1 3 4 6 0 0 0 0
4 1 2 4 5 0 0 0 0
5 2 3 4 5 6 0 0 0
4 2 4 5 6 0 0 0 0
5 1 2 3 5 6 0 0 0
4 1 3 5 8 0 0 0 0
3 2 5 6 0 0 0 0 0
4 3 5 7 8 0 0 0 0
0,3330 0,2371 0,3009 0,8526 1,0000 0,8026 0,3100 0,9243 0,9660 0,1369 0,4057 1,0000 0,9420 0,9150 0,9225 0,1402 0,4081 0,2993 0,3414 0,2545 0,2661 0,1613 0,3794 0,3443 0,3235 0,2398 0,2800 0,1367 0,4254 0,3380 0,3235 0,2525 0,2896 0,1539 0,9850 0,3465 0,3474 0,2328 0,2537 0,9433 0,3715
0,00032 0,00024 0,00026 0,00014 0,00039 0,0003 0,00082 0,00095
0,0006 0,0006 0,0006 0,00102 0,000669 0,000669 0,000388 0,001062 0,000525 0,000525 0,000456 0,000456 0,000456
0,95 0,01 0,08 0,09 0,0001 0,04 0,1125 0,1
0,89 0,0325 0,1125 0,1 0,01 0,0001 0,0001 0,0625
0,94 0,0001 0,16 0,04 0,04 0,0875 0,0001 0,0375
0,075 0,96 0,04 0,05 0,1125 0,075 0,1125 0,01
0,0625 0,04 0,96 0,09 0,06 0,07 0,07 0,07
0,03 0,04 0,0375 0,98 0,05 0,0425 0,08 0,0425
0,01 0,1 0,01 0,0275 0,94 0,125 0,09 0,0001
0,02 0,0375 0,1 0,0875 0,01 0,9 0,09 0,0475
0,05 0,1275 0,025 0,0675 0,01 0,0001 0,85 0,0001
0,075 0,0001 0,0001 0,01 0,05 0,05 0,96 0,05
0,035 0,0625 0,05 0,04 0,0001 0,0001 0,0375 0,89
0,075 0,1125 0,14 0,04 0,05 0,05 0,075 0,93
0,0001 0,0001 0,0001 0,0625 0,06 0,0375 0,05 0,96
24 7 8 4 1 2 16 6 8 16 21 18 20 10 12 1 1 24 29 8 8 80 24 120 80 80 16 2 5 24 10 8 2 5 40 2 80 16 16 40 40
0,337 0,253 0,274 0,147 0,411 0,315 0,863 1
0,0797 0,9773 0,0390 0,0498 0,1110 0,0734 0,1078 0,0098
0,0311 0,0433 0,0363 0,9241 0,0528 0,0395 0,0822 0,0440
0,0273 0,0377 0,0392 0,9967 0,0545 0,0439 0,0726 0,0408
0,0598 0,0414 0,8659 0,0971 0,0563 0,0646 0,0725 0,0766
0,0575 0,0374 0,9197 0,0929 0,0645 0,0711 0,0717 0,0715
0,0648 0,0377 0,9917 0,0837 0,0637 0,0680 0,0641 0,0701
0,0311 0,0410 0,0390 0,9104 0,0531 0,0447 0,0770 0,0405
0,0576 0,0361 0,9658 0,0856 0,0616 0,0702 0,0669 0,0680
0,0584 0,0417 1,0000 0,0870 0,0591 0,0642 0,0636 0,0760
0,9291 0,0093 0,0747 0,0938 0,0001 0,0402 0,1064 0,1005
0,8945 0,0340 0,1086 0,1064 0,0099 0,0001 0,0001 0,0657
0,0626 0,0433 0,9610 0,0978 0,0544 0,0687 0,0734 0,0678
0,0636 0,0400 1,0000 0,0974 0,0540 0,0706 0,0634 0,0698
0,0664 0,0375 0,9763 0,0894 0,0569 0,0744 0,0680 0,0701
0,0625 0,0407 0,9821 0,0924 0,0554 0,0678 0,0676 0,0764
0,9231 0,0001 0,1731 0,0399 0,0434 0,0956 0,0001 0,0339
0,9139 0,0101 0,0794 0,0846 0,0001 0,0394 0,1071 0,0902
0,8152 0,0306 0,1184 0,1089 0,0106 0,0001 0,0001 0,0644
0,9259 0,0001 0,1635 0,0388 0,0410 0,0953 0,0000 0,0408
1,0000 0,0093 0,0804 0,0915 0,0001 0,0388 0,1121 0,0911
0,8055 0,0340 0,1126 0,0927 0,0093 0,0001 0,0001 0,0602
0,0704 0,9514 0,0421 0,0520 0,1140 0,0693 0,1171 0,0103
0,0184 0,0359 0,1025 0,0877 0,0109 0,8685 0,0854 0,0436
0,0547 0,1186 0,0252 0,0665 0,0094 0,0001 0,8041 0,0001
0,0337 0,0606 0,0521 0,0400 0,0001 0,0001 0,0376 0,8847
0,0682 0,1209 0,1446 0,0395 0,0482 0,0474 0,0823 0,8444
0,0294 0,0411 0,0341 0,9085 0,0508 0,0388 0,0782 0,0391
0,0718 0,9648 0,0422 0,0537 0,1141 0,0725 0,1220 0,0093
0,0812 0,9869 0,0362 0,0549 0,1074 0,0735 0,1074 0,0091
0,8989 0,0351 0,1152 0,0948 0,0102 0,0001 0,0001 0,0629
0,9203 0,0001 0,1571 0,0428 0,0385 0,0873 0,0001 0,0370
0,0278 0,0423 0,0384 0,9457 0,0483 0,0454 0,0838 0,0439
0,9206 0,0106 0,0858 0,0869 0,0001 0,0426 0,1196 0,1089
0,0738 1,0000 0,0414 0,0455 0,1069 0,0774 0,1028 0,0093
0,0773 0,1035 0,1407 0,0392 0,0505 0,0491 0,0726 0,9421
0,0201 0,0363 0,1025 0,0883 0,0110 0,9765 0,0989 0,0430
0,0790 0,0001 0,0001 0,0104 0,0492 0,0475 0,9053 0,0477
0,0217 0,0402 0,0910 0,0805 0,0110 0,8712 0,0859 0,0511
0,0203 0,0369 0,0906 0,0800 0,0108 0,9612 0,0926 0,0521
0,0001 0,0001 0,0001 0,0578 0,0600 0,0378 0,0544 0,8669
0,0317 0,0595 0,0476 0,0361 0,0001 0,0001 0,0406 0,8250
